13126
18484
296
9760
6778
18200
8894
9228
5924
14000
528
13638
9148
300
946
18112
7962
82
216
480
18982
5218
4568
10064
7930
988
6040
6974
958
4024
9022
9052
9090
10026
17634
5936
4850
5414
9020
9970
1884
1226
9182
9138
13214
5666
15552
9040
9088
1182
9216
9008
8130
9014
18038
2668
1982
916
6920
13754
7468
7540
7856
7846
6980
11660
1874
450
2542
7548
2256
9076
9152
17354
1632
9030
8086
674
17936
9166
9036
1330
9204
20594
18156
11722
9288
9782
9106
2946
1556
9512
6620
20950
64
1602
14694
4214
9084
9172
9144
13252
5942
11244
3446
6134
8136
1872
20440
14516
476
5932
10056
1410
18798
20356
3972
8712
14890
7442
18070
9190
412
7840
16280
2416
7432
2110
12954
17982
6944
19906
712
8840
282
12050
5744
8644
11546
6410
7314
17822
6894
16480
8392
6116
19148
9130
6368
5702
12410
19136
8622
3600
12046
3838
5514
15392
16462
6120
7066
20456
13130
3276
15020
20956
4844
11778
12064
8524
2854
21018
5732
7804
8686
16098
13128
5432
2774
7520
7778
16224
9164
12480
11836
17270
5824
12426
20720
7204
16596
3584
1366
13602
4008
2874
20184
2306
13068
5226
21074
9066
5886
12974
3156
13422
294
20876
2038
12030
11690
3828
18770
5024
12482
5006
4374
11848
18154
7534
3698
15672
14620
4770
13482
9416
770
2144
19952
15326
2134
17334
20798
14142
19228
16874
17854
17248
16782
1300
13046
17488
18094
7088
3442
9180
8736
4572
19410
4862
13416
6554
6128
16674
4514
11718
14986
12338
20902
18470
18076
7620
20984
4570
8548
18794
2960
5814
8614
7242
6236
16614
13672
18096
2092
8538
4954
11898
12386
1286
6156
4622
9718
1506
3830
2638
8510
16676
17540
5468
7388
6022
9824
1236
7070
5588
8500
6804
2090
3470
17338
17140
2520
7964
17408
20378
13104
6994
9270
7938
6662
12544
11634
12642
19788
19196
7822
16634
7270
8806
746
2292
19126
13240
9858
9772
1834
3374
6266
12840
20624
7910
3684
8542
15476
20738
16342
7706
8514
8426
4658
16612
6518
1654
12604
1328
8368
13216
13668
5262
696
13916
9078
15120
7676
20880
2742
13074
16870
5756
9160
6650
2756
16652
9258
2320
7766
15974
13410
13274
20410
4498
4036
1746
12952
9676
7934
12824
9956
19552
5992
19338
3916
1528
7504
18046
17528
7502
1378
19098
5882
8904
9678
17318
16710
8838
7350
13596
10
13738
14630
18164
19980
22
10200
18308
12542
17526
7982
14854
11282
3070
2704
13246
17412
14030
6102
12300
2162
7830
17766
5696
19024
9132
6624
18844
20980
15608
16672
6840
6382
1562
14510
2430
2924
9618
17428
8274
8932
16748
12484
5038
18056
17736
15446
5800
14832
12282
16470
6020
13158
15502
8080
16818
12602
17544
4692
13358
16500
5456
13614
16796
19672
13320
8040
19392
5044
2614
13304
536
16236
13476
11424
16362
16898
14144
438
2322
440
18188
11978
22064
12780
5964
17366
802
2928
14632
14118
13262
6942
254
16878
17724
15642
18378
11258
19396
18334
13090
5452
17726
20084
1174
20836
12068
20648
15618
13840
9930
13302
16402
15224
14564
8284
20714
20354
14650
9572
15836
11304
6966
3294
13384
19140
19322
17730
15536
13958
11306
7244
15812
18838
14372
4838
15598
3100
20856
11198
19282
20518
5104
7080
12892
7980
6900
17460
14538
8984
16754
15728
14536
19386
1260
12724
16384
19694
14842
13424
7274
18636
15148
2484
12870
5940
15736
9656
8022
16780
13792
14132
18032
13904
13054
14780
12624
13714
12890
19438
20172
17210
11858
14662
7750
6890
18462
1360
20136
8084
18720
9728
6678
12476
8352
20826
5704
19150
1716
6996
17940
14206
19688
16278
14988
8804
5164
1694
16062
1070
1296
9658
17026
16256
7240
6180
5436
13124
10068
7310
7888
7202
18690
15388
15192
7028
20676
14182
14058
2718
11600
19402
20024
15258
9740
6212
6488
732
17168
18892
17978
12514
17164
12668
4050
14802
20132
13988
16952
1614
796
9218
15532
17204
18068
9540
8978
6722
14834
20840
2676
14726
13444
14728
17086
16186
20118
16024
5136
8250
7976
1200
17618
18940
14744
15514
4556
690
20082
2102
92
19472
4232
7724
14422
20228
11214
15930
1722
4538
19728
18092
16978
16202
4424
2356
16466
7324
16382
15198
18356
7262
2396
15092
7536
14930
19564
15958
16450
9834
3288
12312
19752
17686
10182
3486
12198
20816
19698
12756
16772
20646
2088
18606
19846
1308
15212
5616
2350
16242
18198
11794
932
1040
13690
5404
9236
17852
19508
14924
16448
14212
18866
16032
14990
11606
5190
6660
13348
3116
20634
11322
9522
2980
6750
3764
7040
2552
12020
3118
7578
19200
19538
4546
16262
17914
14174
8944
14020
18420
7730
7610
1454
14384
14998
19636
17424
20524
2630
20498
17532
7296
17220
19894
17006
20444
13202
20580
14612
1218
7594
5148
2100
20672
1500
5658
11596
18360
17828
14716
9768
510
1984
15246
14782
20602
5242
9308
6006
756
754
17456
18676
9582
9856
5686
15996
4812
5604
4670
14320
15926
7434
15156
16010
14922
9660
88
7998
20366
2278
15626
15424
6600
1016
1502
17190
8726
7348
16252
12708
17670
12818
15682
8330
20030
1082
448
20784
16344
14950
2036
1264
15312
1630
8026
12996
13850
184
13332
800
15400
28
20072
7332
16130
15560
13442
18680
2968
12072
8010
9744
15386
1902
16066
16630
2884
14106
17106
5490
8698
14864
15146
5032
15860
7250
14324
18176
19044
18136
14976
3204
19840
19914
6148
1650
1842
7572
12100
19266
8842
14176
19348
11980
8268
13508
898
2284
12184
3482
3440
11378
14932
3492
17062
5312
12966
20210
18976
16826
5498
16020
18696
11326
16468
6344
3040
426
966
8770
12582
11824
3714
11874
7954
11354
3168
3944
19790
11880
20154
1384
17148
4540
15456
14448
13782
15436
12218
4178
16302
18272
9652
16200
4376
11678
2866
3608
6428
15410
18286
612
4314
5334
19406
17974
5552
4602
6836
12126
17950
258
9754
12504
18700
4566
3310
8270
12150
8648
14298
6160
15216
5354
20428
13472
14496
3840
8310
1642
18504
15904
2688
4774
18300
9380
16290
14684
14772
19368
1172
1386
12720
12420
12898
20722
6928
1684
7824
16082
1550
13078
20386
17432
18042
17858
1124
17586
17494
19250
14022
14582
5752
10204
2834
2836
15912
11406
7714
11900
15204
19772
17332
1522
6196
7920
12466
6210
13652
13242
12844
7098
15342
12632
13120
20422
19388
16916
17760
19306
7586
12812
19574
7300
14836
16304
9232
21048
16162
5576
16948
18030
5646
17484
9400
12096
9390
5304
19146
14172
12254
3858
1196
6720
9558
19696
17402
14824
13396
8238
14670
1530
19274
12186
14560
14360
1870
11426
18292
7176
14862
6636
4794
7680
4394
7062
15752
15694
17814
5210
16940
15772
8124
3960
9110
19310
6352
14194
16420
15568
7440
14974
12496
16824
12290
3178
8158
11802
16636
16188
894
13492
18934
352
5812
6374
5944
4166
11398
5416
9654
16124
3396
17922
3796
3572
18336
1986
4760
4988
20900
20080
6466
1012
20008
13450
20764
14180
17252
2434
3092
1514
6372
20416
6862
8232
2476
4162
19144
19028
14606
6748
15994
13946
20626
15352
3802
12118
18948
606
3670
17436
7182
5140
5388
15022
7738
14414
2440
2896
6124
13232
19236
13058
12228
4586
76
2468
7476
18098
18358
19466
18574
11682
19298
16972
14758
17534
20848
14386
8482
17910
20388
7932
13954
1184
14766
13052
8108
20656
8630
5222
17500
8462
2250
7880
2268
1338
13700
15416
17646
9650
16994
17392
12170
18800
5020
5712
13856
3026
3648
20396
9374
3252
16828
7812
16230
14982
14446
1170
3272
12758
5760
19530
17272
18364
17866
17048
13884
16044
7230
2370
16822
3620
17416
20414
6192
7026
4066
11410
19802
19648
13330
5082
2902
20522
8128
9458
14276
18316
7474
15094
19870
2616
13326
15434
12094
14936
3210
14902
20236
17970
2978
14148
15230
3416
12596
14218
7686
7896
3266
8970
17900
2334
3742
1050
20934
7082
3408
18162
6302
16440
20124
2530
1084
18992
12968
706
4524
2024
2332
18012
6078
12702
1024
12358
19030
774
5002
6788
1498
7912
6104
14552
7746
886
6268
7420
15766
3870
9842
17274
3472
19416
17278
18620
17180
16156
19218
11580
17700
13720
17524
16580
7168
7640
8428
9256
12644
12148
8936
14534
3170
14960
2392
15574
14572
3834
20992
5682
7802
12726
14830
7986
18236
14870
13930
12560
15186
8774
13636
3800
160
1594
1430
2594
19300
2026
13316
1192
6832
15882
17512
1222
13308
13634
18406
20148
9722
4868
11866
16052
11612
9752
14428
11972
20578
3564
19056
12846
6474
998
2132
9342
18538
7106
13710
626
17502
3524
70
18412
8574
19220
9454
18518
4972
15956
15174
14602
15498
13300
12556
19252
14508
20036
20234
12850
12472
3744
186
20238
19558
1294
17122
1990
13830
19242
17574
4590
15050
9748
3194
18944
2828
4628
648
522
17882
20662
13342
3804
15468
20986
11338
13728
18442
1676
20026
16492
15788
826
3308
11476
8032
10014
12286
19836
15042
13852
21070
2286
16446
4510
18540
1332
12296
19110
19474
20898
13172
2710
4420
14710
13034
3594
18194
13116
2308
6342
7832
16128
21054
6426
11566
17474
4494
18570
8706
6774
816
742
20434
14642
3522
12446
7154
6260
8120
18034
19212
3290
17034
6412
8714
16608
2934
2664
1968
13938
5874
17962
14168
19120
2524
20562
20566
11962
18764
7922
12566
8692
3948
3296
11336
8378
3150
4404
17908
6668
12362
11288
4978
6816
9536
20762
5374
8738
16810
3152
19340
10024
13048
1110
4216
32670
14724
19520
14310
13012
14506
8508
13524
16002
2586
13814
19288
3010
13718
3782
16680
4976
16736
17644
11994
17070
8332
1186
14566
13196
13198
4620
11532
1584
8810
13570
16584
17380
15122
1002
1302
14292
9408
11310
1540
10184
12488
12764
17258
15438
19404
19630
9434
20650
14202
2316
9560
2876
15162
2578
17568
2758
19854
18288
8018
16688
8484
18478
17752
2422
12676
11380
4894
4478
4042
2060
8812
15950
19258
6066
14420
11342
18166
12352
824
18150
6010
16702
15448
20612
17382
5440
8066
4292
15708
3090
9244
5952
7422
15442
7756
19400
5108
1750
15354
13876
15686
12284
18814
12406
4458
1918
20770
17300
13272
430
10094
11912
1538
10142
13136
20402
15938
3718
12108
18496
21022
13804
1832
14056
14528
13860
2064
16318
3020
4192
18704
212
5318
17744
15648
5344
2538
20264
8118
17044
6440
15594
14470
15854
8642
13630
744
15544
4504
11584
13270
2170
7734
2814
17956
10172
12594
4196
8344
2112
8682
20364
3056
7974
13882
18506
8572
12992
2660
3200
18536
6978
7342
10046
3728
6454
12526
2480
1242
7658
8472
20752
8638
5676
13858
13098
3016
16174
11724
15406
5260
18790
13244
20550
15858
19730
14204
936
18618
17486
2002
4326
20112
15428
7794
14460
3904
12712
14184
900
17810
12860
16070
11648
11954
4530
15538
5826
9734
1794
288
13964
19460
11852
5076
20252
3732
22042
232
66
14466
13798
12908
8950
13978
8486
14760
19748
4172
13288
20244
6306
6956
13486
15226
8850
14236
3346
0
714
14926
14584
2888
6696
2062
6486
19168
5356
9548
18550
15380
7480
2910
15012
3146
1438
10102
11638
3132
16980
6654
8892
694
1678
15698
18002
5248
14532
2666
19130
1598
524
5008
18250
7190
14956
552
7872
2280
16658
12490
19482
17394
7828
17906
4090
17520
1258
19118
4942
15512
3078
6922
13038
18512
13258
16556
13414
8878
3004
12142
14296
19414
18832
18828
19656
18444
20100
15962
19764
9226
18702
17716
7942
14498
18466
2882
11888
20698
564
18474
11346
15632
2294
11478
5590
5618
18302
13598
3844
9640
19584
15840
6648
14664
1672
4144
18728
18722
13150
5030
786
14032
12906
8048
18716
15344
2274
18970
12174
17630
18780
12576
3166
15044
8536
4878
19944
18758
9810
11872
11956
15894
14140
17740
11878
9788
7004
9360
18688
14762
14162
18256
1382
20240
18652
17496
16204
19844
14810
19738
12432
8480
11444
17966
16548
14940
470
9606
12578
9272
17638
13518
13576
940
19994
4934
13108
19804
15314
14712
12464
14052
19712
8620
15610
5028
15422
19082
3768
6916
8402
6714
9366
8014
18436
9334
882
7948
8956
8104
11770
5946
19742
14696
9346
19010
17948
17728
12098
1006
9310
20812
2734
1228
14114
2072
230
18130
15640
4560
20668
3236
13504
7216
6680
13352
12742
13292
14588
12916
12586
4236
17756
3186
17988
20162
17038
10054
8554
19046
1688
9802
19798
18118
12400
3032
2232
3930
5746
6190
16958
2922
7606
2880
11636
11728
7056
15172
19770
2364
13664
7412
5774
12448
13554
7170
18864
1670
1848
18994
10214
20474
18988
14350
13456
13494
18954
19440
20214
5232
6882
5918
15510
22046
4290
7772
18266
20910
2994
5270
5510
15008
13020
8884
1536
6826
4998
20938
5172
16738
7016
19602
6790
9412
12822
15596
12318
19498
4286
9470
10160
16300
3760
17314
6032
12564
5654
5486
4848
14826
4456
1698
4858
13646
14704
3762
14894
16126
9818
16774
20632
4792
20152
16928
7898
4362
8604
8036
602
5600
596
18774
11518
14658
9920
6072
8696
3112
8214
7636
13434
2916
19442
16656
3542
1620
5492
19570
13146
4002
9430
5608
2846
6694
244
19042
584
6492
15478
6184
5502
14066
4764
7232
1132
9344
16750
3024
5000
18492
12048
5142
14794
6820
5974
8772
1932
9816
3496
20404
8730
8242
11318
5424
1610
12646
16176
18400
19204
9670
1626
19714
1656
14362
14454
19850
13314
19852
6578
18004
9756
12350
1416
13398
9980
18446
13372
17422
16104
13678
20604
14618
20322
5276
6430
18972
890
19582
5816
12160
5628
16442
12794
15902
5786
18330
7576
22054
20466
572
17734
6480
7294
6728
17128
2868
6970
14512
5584
18230
11500
2340
19486
20850
2190
322
13550
19524
20
18404
15540
11640
14966
12162
4648
1622
18384
12106
18664
1394
11408
18572
9596
8790
18476
2234
19796
14376
19908
13888
6984
19898
20074
3218
11964
8728
11822
8968
18682
3110
12978
1312
18820
16170
20582
13220
16668
2078
15464
9706
22066
19660
8314
6390
19430
9732
1730
5358
19540
8924
18044
4532
19978
566
16872
9162
1266
8466
12654
17240
19818
7426
19982
15208
4432
6802
18244
21016
15590
990
534
1470
9630
4634
19878
5472
6792
6524
16494
6254
7126
8778
2898
2388
20652
16962
266
20150
4892
6282
2790
14346
2068
1840
996
11568
6462
19822
19550
5900
15712
7340
2694
4516
6718
11932
13466
20174
3400
3084
7108
16418
16766
18626
8184
14860
844
1054
9620
18310
20482
18840
3690
680
4028
17102
8060
4840
5228
636
6592
11784
8600
5680
1924
9462
3130
6886
8626
6762
14068
13376
12010
8954
19812
6798
20982
17116
13838
16218
12532
1850
580
14494
1036
22050
20096
354
3912
7646
15060
5570
17636
4808
7252
8394
1612
21026
15150
20062
14252
10066
15802
18754
16194
19434
5500
5714
6244
5186
5766
8384
8424
8422
15440
20042
7656
12364
11982
14382
7484
7492
3444
14908
7808
3258
13212
18756
5796
4078
15376
11300
11550
4366
9442
13276
2518
18742
1030
2740
9302
16206
1426
3038
18960
13762
9300
18558
624
2746
2458
20878
1956
16974
20198
2816
8478
19170
20492
9456
19864
4724
7946
9488
4592
4372
5040
15316
9688
12656
18654
1102
17942
5446
7728
13764
8564
7914
16358
18726
19062
3756
13698
16802
11686
9648
10126
14556
16964
5100
18906
14814
18860
17064
2192
8062
21044
3650
2860
11294
15756
16166
17614
1342
3780
15746
16992
13432
2472
2870
15770
12776
4256
12956
19424
14904
5862
928
5846
12288
4502
6834
13980
4872
13740
2218
1782
12754
15412
16886
9460
5582
7318
15248
6202
17056
4664
718
2142
19766
19224
3636
18460
4506
16550
6150
6276
19106
4112
7096
11788
5482
10034
16558
1950
18878
6520
6028
1812
8856
17880
9610
18532
4908
3646
4004
5048
3410
19202
4784
11628
6004
19122
772
13094
15460
15692
1474
14798
2912
12034
11708
3982
20940
5134
15562
1406
4900
18078
6366
878
9864
18796
15700
1512
5244
5144
6822
17968
18736
15276
8290
17912
5234
9504
3028
16648
8744
20538
4462
20968
3424
14502
5758
6406
14500
6672
11684
12876
5332
21024
9702
2806
14026
18986
6472
19544
3878
20868
12884
9566
15920
15778
2728
6396
1408
6098
7292
19534
12206
11462
4482
162
18686
12260
820
15492
4154
16476
19874
12280
16714
5342
32666
15634
822
16488
18880
2824
1590
11762
11496
3560
6064
2418
13816
9716
6784
2124
2862
3506
14558
18224
16154
8782
15774
20592
9632
12696
17390
15278
13736
16022
17798
15760
11530
15098
16484
14116
14492
13820
12584
20268
17178
15588
7968
6044
14098
18896
18586
4708
16134
17434
19702
20200
12230
20316
16764
15878
16604
20858
12690
18120
19186
15408
11332
19134
6526
9962
12412
22070
11644
8830
5132
6230
8558
18656
4210
5644
6356
8180
7528
6214
3324
16924
10090
4542
16734
13880
4758
3002
1138
9868
5240
8902
8496
8938
3512
8110
14452
8262
13932
14816
3042
20514
15274
1906
948
16568
5330
10062
9600
2122
1770
4734
532
2558
1970
1680
840
4750
1752
16366
5280
9516
5338
16056
9518
6906
3898
3660
1020
2044
4020
2270
6808
9708
236
508
10016
2302
17312
14398
16266
16844
6232
9494
2452
9478
6296
5858
7854
5734
6394
4830
8000
5320
17876
1802
6250
14554
1254
7712
17794
20560
3104
3464
4814
8450
662
1248
17150
16718
14300
1136
15218
20394
17236
4732
8470
10134
18802
13744
15308
14400
3386
5966
4666
20606
5648
3332
16428
20480
18386
5838
2522
16866
2812
2252
5272
708
3812
18738
16064
19970
4678
14778
13562
18582
20360
3182
16732
20034
15110
12940
9554
9614
4382
3694
3468
12404
7386
15290
11498
16848
9852
16142
13060
3190
4428
224
9414
13028
18936
7100
14882
12470
19376
15580
11816
19568
346
20292
9796
12926
7972
9452
3638
20804
12872
18594
3910
14304
14486
20182
2148
20544
9168
1118
16996
14340
19830
14522
14208
17930
6054
1712
3664
18628
2998
18214
8090
1652
13400
11264
8900
19866
7908
5518
4644
5096
2908
9764
7134
19346
20908
3784
7410
16060
19650
18600
4944
7864
20978
12938
5116
5784
2692
5808
1888
3626
2184
12450
13148
6316
6990
19966
20320
16512
6594
908
13324
4500
15606
12962
16540
14028
12666
9446
18306
4294
18564
19986
1542
1348
12808
17984
20782
6172
2014
12800
19916
20258
3216
12264
2932
11474
4266
19600
2504
14318
18806
658
18022
2400
4804
19058
9960
13886
19758
238
12804
3474
5064
896
15346
11752
8300
3214
4656
9860
1334
16890
1648
15612
4662
15244
5996
5494
2780
4016
3392
8520
7650
8288
12202
14942
13510
16006
3158
9372
3350
8156
5708
15722
9276
3212
15794
11540
8434
6320
20494
3790
5598
9562
8570
4536
15890
3248
7236
14888
9964
13832
7978
1980
2832
9060
7336
14652
4436
19548
6450
9996
2198
8098
8102
8876
576
13188
18284
20300
16804
16324
15716
8296
16376
4348
6442
13236
4646
7994
12814
7732
5220
4558
12928
3978
2066
616
74
6288
18058
17410
5010
3984
12458
8594
19562
98
5904
8798
7958
12572
8456
14314
16360
20570
11694
18836
21014
11312
4388
11974
1154
20772
19272
6546
3566
3724
1108
6892
14238
9480
5878
3950
2222
8550
20590
4034
13650
4262
14290
17208
12710
9972
19152
1202
8652
13404
6332
4332
970
19290
1278
13526
3230
12356
2428
1806
36
18584
5848
5730
6496
19020
20596
3046
5256
6512
5664
7796
18268
14828
4448
1582
4442
6458
11376
17244
1142
3716
1098
5926
13500
4082
10144
7488
19006
6930
2208
4898
5864
19992
16424
2304
220
11780
158
16884
13756
20638
2760
12452
16214
18528
3582
9974
18026
9242
20952
368
17640
5870
12744
762
4126
2244
15754
8722
330
12188
3992
496
8862
3330
16720
19532
11918
19522
13752
9006
18148
12902
5690
21062
18260
21050
20728
634
6510
11456
4046
8432
17668
9608
2604
8844
21068
10006
7552
11760
4370
17290
3920
366
8560
20912
6386
16742
8716
19690
20640
12212
12248
18064
16042
14756
15328
7984
8914
7396
3222
8660
16392
12820
16860
20962
12554
1604
18172
5762
306
5790
2296
5080
20766
17932
13468
9364
9568
10058
13180
15232
16954
9948
22052
650
6046
1010
3674
6661
30305
6181
23937
13199
20613
18701
19307
1011
28865
19523
11779
17319
19533
15533
25511
24123
24073
9479
7995
19551
22259
18881
26871
25925
17049
24331
12643
603
29499
27433
31989
31987
28977
28973
26627
29149
25189
26769
23319
23241
8289
13745
23491
31963
26643
23557
28969
20155
27669
17165
7109
11215
31183
14923
28381
2275
17823
8129
16891
29095
22133
19845
29015
607
20151
19225
24703
29193
14461
31953
6721
29097
6289
29541
30067
20495
23145
989
9757
29345
6357
29113
19697
12711
28965
13483
31393
28989
9931
26313
11687
24909
29111
10167
23301
20199
9703
20457
25411
12625
19251
23331
32011
23313
22635
24883
20085
20125
30127
5697
16203
28237
29003
10103
26131
909
7441
31973
15147
26793
16305
13121
25357
28301
20435
32271
17985
9391
8099
23387
20211
26883
20025
20417
19765
14685
20239
29409
24131
18039
6929
20229
24311
20445
25339
8333
18961
9803
18973
3651
24369
8403
8395
20153
2089
22185
9037
18897
13241
23317
9749
32041
22925
12823
27581
27577
9651
17799
14537
19915
18987
2135
22927
17205
9245
22627
24791
24793
25641
19007
9755
31869
23963
32465
497
19045
20073
16263
30521
14031
14535
14561
5667
22467
9689
22317
1227
24773
18839
26229
26717
28641
17181
27129
27511
24361
11637
30003
1613
30401
23455
13979
14293
4665
26115
9859
6369
28121
24367
14651
7757
1203
15627
12825
13851
18949
12585
27613
12573
3289
26681
31193
28493
25029
27751
28873
9573
29335
1591
13815
26369
18361
25451
29827
29457
15633
15699
8379
24825
24415
7847
11501
25177
9671
14559
20941
13799
23911
7731
6907
14975
23335
32427
9659
27423
25359
1515
14529
12497
11327
14567
28755
12411
18261
12805
18941
23165
18357
23373
20245
15149
20185
12957
12969
7855
24227
26763
20149
18653
567
11635
24391
20523
11585
27579
9817
26771
27123
14783
933
14863
30139
27283
25097
9563
18573
14133
14653
7477
18477
23903
18257
30221
25105
29759
18571
13905
11771
30689
14811
19487
31323
26781
13669
11457
7915
18365
26991
27767
25119
23399
29681
27109
11531
14553
14557
14059
26573
28477
14455
11497
18657
14453
24261
23263
7831
9965
20175
12963
9271
11427
25095
32643
15355
14903
12255
11463
27323
9679
16127
24183
7715
11475
13425
26593
8085
13305
12669
13495
29423
12759
12765
27749
23909
19851
14619
11641
1287
15963
28159
11551
25049
23419
25495
23303
143
16155
30081
16421
22957
11645
8843
17907
13059
1439
11411
11601
13035
28815
25735
14659
11795
15737
11613
7621
22153
6669
26437
7319
11379
24843
20677
17393
13887
1335
26423
24863
11607
17129
16071
26353
24443
2441
30131
8857
651
17045
26483
6895
7829
11337
25143
31413
757
11519
8033
15635
15673
19339
16129
11567
16429
12953
13117
15883
9303
25257
9741
7677
24691
25131
25731
11409
14643
28543
12351
25979
24989
6957
17533
29509
9259
1183
18199
10215
24195
20321
26291
22621
7747
6475
25061
11343
31421
17117
31201
30077
27735
8893
7349
27023
15227
2543
827
27185
31923
25139
19559
15779
7825
8901
31509
20763
25151
31977
6117
14449
697
13783
31559
28451
31363
25739
25115
18437
13215
12095
11445
6391
5933
17271
6135
7325
6679
6809
5839
18755
26833
6463
26597
16941
6723
24731
18359
27527
23255
22473
75
7587
6555
25255
13213
27627
26171
7191
31343
22809
18775
27975
19121
29517
26191
11685
29753
15789
12447
1501
22531
6821
17937
15157
26829
16205
5947
16797
7343
5943
22943
8737
25211
14773
8783
27099
2245
8331
19953
31283
17717
19243
12107
23959
5583
28291
13263
5965
11399
17333
18935
5813
14299
26223
13253
19
29619
6525
16959
6045
17391
25531
6213
28445
17615
14835
22349
27311
22309
27619
28021
14781
19219
24239
25327
12073
6023
25917
23473
17753
7127
523
16739
32075
19119
29215
14799
19443
19171
25501
20641
5875
16609
11661
6005
17433
16057
31505
6651
12697
23865
27727
24299
31451
29991
5825
20765
23217
26367
20767
22087
6173
23965
29431
12885
8845
29649
18971
16167
30109
16425
14573
20899
20563
26813
29739
14613
6065
22217
13989
9205
28273
16765
5647
14837
5945
12633
6827
23439
15425
27713
18681
18799
12229
24155
24151
16187
24193
24211
6921
28383
29837
25201
22697
15747
15173
22703
17411
23947
12477
12473
19203
8181
6233
22193
18003
24565
6481
6231
14297
15121
10091
27913
15729
13197
8771
239
19475
18023
14305
30599
30451
6079
17815
28349
30189
24179
16225
9609
15023
25389
15343
29577
9107
19499
17619
4725
7979
1261
29779
24265
15277
15613
17383
6943
23905
17637
27641
31157
17123
23813
25673
32289
9301
31087
31409
23819
2219
22433
22731
16023
22407
15401
23567
23597
18231
5585
28115
27221
23471
13275
24657
23019
9797
14507
16669
16501
29183
27711
30405
20723
2579
1751
7293
31507
10015
1037
25005
22675
25753
13467
14883
8105
16585
15093
15407
29691
19289
18165
20389
28203
19253
15447
32655
20581
5827
25239
3983
6125
18077
30677
30817
31281
27775
26127
11305
25635
5763
23793
30399
6799
15841
22571
24223
17435
22805
31009
30103
6715
8813
29743
24965
7427
2149
32537
29327
16849
23743
19291
29453
30263
9975
15611
19403
16557
24667
23787
16659
18551
25197
10205
31579
30257
31643
25323
17983
24555
31185
22723
26253
26825
16065
22907
16125
1085
8001
7999
30909
30895
32529
32215
28513
6413
9555
15233
16063
17027
19525
16219
17191
26083
16885
31833
29805
16715
15429
26837
31213
25579
10047
20301
29219
19063
1083
18445
14631
28051
17829
25851
26577
14961
28859
26959
23665
22255
22055
28591
16569
26569
13333
6729
19311
12289
18301
27253
23269
28111
5927
2747
31825
28065
7889
2295
16131
26841
13289
31915
17957
7271
18079
32159
4371
31753
413
16485
19569
17975
6751
31541
31285
8137
7171
31625
31171
25181
23899
23097
14983
31359
14143
8109
25537
17795
13653
16953
28171
8879
16067
1431
24247
9219
31381
14671
31791
31827
23017
27385
25957
22577
14023
13729
13501
22781
28281
11981
24465
25587
16267
6817
15995
28735
19197
19657
14325
15553
67
26243
23213
7411
28353
14099
22951
12283
24591
28767
30791
23775
23589
23809
27029
427
9257
11581
18475
22691
30643
15151
12011
25671
32449
31819
14415
25899
23729
20583
19979
9537
30241
20043
26365
9549
24095
18097
18317
745
15939
16559
24525
30141
23521
30635
25417
1747
1903
30733
16549
26235
10183
24209
27381
24009
13511
26303
21511
15957
27453
9567
11425
24551
17087
13509
6527
30487
13477
8799
19393
2101
11729
11725
7475
32437
6157
31153
28041
30383
7549
9091
13309
8481
13577
1003
23061
29767
18237
2321
27057
20817
26631
11679
31419
8905
17313
2279
6579
681
17727
9519
8969
17169
9237
24947
32235
13931
20669
18151
17915
1041
25337
8041
2473
1223
6427
12561
13955
2287
22527
12579
20651
7707
25223
13359
17521
18121
17151
2103
16751
707
691
733
14999
27919
511
2689
16469
32191
1795
17065
23941
577
30515
14779
20673
18497
28101
18443
29819
12171
17569
18379
17487
11597
15891
1025
31527
1653
12727
15757
20355
20739
28217
24581
7983
18057
30121
28847
20981
471
11785
22507
2067
26933
535
28003
6193
7739
18993
6493
9181
18331
9961
30413
17575
26415
19221
14373
31399
14763
6863
31581
28601
27435
841
27813
27793
9409
8885
19021
14341
20379
1409
8985
16805
15449
1099
8301
17913
17259
18005
32221
19323
30449
19127
24449
16867
6917
879
12031
6375
18879
31805
17729
31429
32269
7681
15641
16733
30009
1873
28251
5691
9191
13303
1851
20097
29477
25429
15111
15009
17495
9649
14069
8037
1651
23069
30337
2335
22795
6883
24903
31837
7577
8957
27147
6791
17315
30925
22215
7245
30275
1731
29673
8119
13079
901
1171
17497
18195
17039
18119
2193
19369
12677
27525
6945
27413
17221
16861
7029
23195
7943
7947
17413
31577
28963
20657
16157
2459
20265
32387
6395
13047
895
30717
17741
17731
31709
14957
7803
26225
16291
16301
8731
8027
26921
22403
19273
22525
12405
22895
16803
25329
27759
29987
1133
28257
13639
13631
18131
27421
20771
18413
31141
9707
323
13635
14057
18267
23
12213
16237
8157
26983
29355
31131
29177
1475
27419
30583
8243
24447
18539
1309
6595
19043
31219
19971
27881
1685
1427
12459
25881
31049
17071
8839
31101
22541
11901
15095
29491
23917
1699
30153
26657
25431
5775
27415
8831
29867
947
31603
12725
13505
7443
22337
14989
17943
16711
1871
9523
17745
7713
18303
17249
5683
13377
18743
10201
20101
1933
1395
13233
1071
27533
14713
22179
2061
16207
25885
9309
12567
12565
10095
11789
12975
25529
24499
18627
24093
823
29255
1655
18385
1643
20567
5761
12199
1103
24515
23683
8745
28561
17527
16917
20633
26759
17979
20519
12265
15353
15701
14175
12187
19467
6719
12819
16215
14311
19805
24871
13325
11753
26443
14761
17631
30367
17513
4809
27183
24837
29343
28419
11823
18201
18893
9853
22267
7083
14711
18059
19301
295
13603
14497
7351
20083
26453
7805
1695
13273
6373
20911
7899
29317
6261
13691
25021
28511
2397
7779
2453
19407
20983
7081
19435
11763
17525
11569
31079
18995
15595
6429
13487
23893
17587
17103
31957
7135
2233
15013
29919
10127
2145
2317
18251
14727
26723
30005
5687
28077
17253
7921
25315
20201
19441
15695
8125
16605
15541
26091
15387
1753
24011
12907
5589
7939
20699
6971
22209
19509
18759
28167
27033
27705
31969
9413
9335
25549
15569
9733
29167
19147
20837
13221
431
355
1557
1021
12049
25273
19259
8971
7933
18273
7183
6793
25283
6625
1523
12743
29151
451
31019
6441
2595
8103
1713
20235
27821
15561
12533
18621
17301
25371
1339
13433
13435
30355
16735
28921
18337
15123
1689
13401
8805
887
18461
31539
29871
27689
6103
1185
24757
26391
13981
13933
20545
16749
32515
5619
14511
6923
27491
25045
6997
585
7813
6823
16613
13711
6151
30177
20849
24403
28199
15291
25943
7169
2297
1301
16345
29883
25173
24725
26665
28161
23721
17063
20081
15687
6789
25215
18293
17423
18607
23951
17335
17339
12709
17057
30331
20361
24505
18167
12899
12065
12069
7263
16871
25707
32225
32005
31695
12203
2711
18479
17535
25725
13189
2677
13321
32169
24437
29855
16681
13055
27383
11259
12605
27829
30755
13885
2073
1889
11283
18047
8811
2069
13173
19841
9661
13147
16979
17367
13373
11973
30491
15163
25361
30349
15511
26333
32059
8779
15499
16363
16719
649
19415
5847
31899
12745
14401
15099
32489
6411
14029
15259
16493
11853
2741
18463
29397
29407
9311
13109
7017
29777
15315
25213
20293
14385
7975
13245
28715
30421
24539
31905
9435
32195
11339
6033
30467
8131
7735
5659
7205
19275
28709
14315
13151
15443
16463
23107
29367
9009
675
6931
31375
25597
1125
18945
25533
25889
25591
1681
26939
20395
31187
2947
24231
5905
28327
1835
845
25563
19847
12471
22741
14815
12555
5745
12515
17279
13737
12297
32603
17211
12927
28321
7823
7949
28205
19743
2477
27755
27721
5801
15409
937
16997
12543
31795
14871
28029
18559
32561
31077
12453
1193
19853
755
7833
20985
18583
29563
30469
25165
23671
22051
32385
16767
11825
7489
7797
24149
19895
6511
13715
28699
31871
27351
6763
12587
18505
18529
32355
29161
27043
1175
29325
28465
13061
27153
1925
1673
30461
31361
22257
24111
27515
30537
13599
17767
20603
30219
29807
27991
22669
31475
14621
23247
28135
23873
25633
25629
32127
11719
16827
14421
32357
32249
25175
32203
8903
23523
26319
11957
31999
32571
6547
30995
13563
2323
31913
20627
529
11849
24721
27231
1265
1919
22935
17457
6297
20481
6779
14517
19213
11541
967
28449
29199
17757
12047
25991
19855
12151
14745
5617
6333
26619
29427
19029
2143
1201
13327
13053
7659
30381
14633
9415
20591
24105
23829
23281
14795
31667
27717
20593
12757
15515
9447
27139
27685
26821
8215
31181
13525
27683
30431
5377
13301
14891
2271
19153
797
29279
5941
32263
20625
15771
23187
2431
14277
10135
25277
20635
25285
17475
9561
29171
31315
15479
22587
17949
24461
26629
801
2435
26357
30427
30071
20605
22393
32433
29617
19987
15813
2251
22877
23487
16163
18093
12149
30333
13091
29463
28769
1543
13555
30695
7503
16053
19575
31251
17911
9597
18149
19749
19237
18803
25999
27559
26217
25895
15997
27093
30795
19349
6197
26745
31065
15061
18703
16279
24429
17967
18507
13753
24601
18665
27361
18471
26275
13271
17989
6303
7959
15435
32167
8979
23131
28059
26157
23001
26807
27983
14513
25089
1531
24945
17149
2003
18387
31465
32491
14825
15051
31575
11965
9963
30707
27125
23401
22775
7333
22047
803
8233
19689
9921
13965
18289
30957
16993
14927
25803
9015
19535
28565
5879
7651
16033
8775
12291
27189
6681
31177
32423
32183
32241
17971
28547
31741
9133
11983
11245
32093
6459
23741
31111
1611
14523
7573
12597
6443
15417
16653
1595
6149
32129
19583
27059
1843
17545
20031
11933
2027
23781
26863
26999
28151
32185
18771
27999
27107
18907
26267
29721
16403
31035
13739
19483
18821
6489
1783
8251
14253
24983
25951
2605
17701
1361
20729
2303
8311
12021
20963
28823
883
12099
2269
17429
20009
28667
28431
15413
9053
15411
20539
20113
15513
14607
9061
30781
23821
28371
30555
1255
6129
7637
11875
18845
13841
25751
11313
24951
12109
31057
26249
20607
12433
19099
5997
14905
23349
14695
19879
26181
19661
29147
6353
13861
5815
26001
9233
13859
19563
32081
15389
28571
19057
5703
29957
31661
15609
16637
29351
8739
25863
12583
20411
21049
24875
30181
18113
19461
26601
20979
22751
16675
23495
8841
19521
14503
20805
8773
25367
6245
1849
2419
15717
5571
16449
1017
13075
2661
1367
18513
1267
26567
15247
28311
22263
13029
6519
6593
26669
9559
24039
8425
897
2333
20317
8239
23043
26113
2351
533
8851
481
11301
16303
17417
6383
1599
15439
15209
1007
15597
13095
29677
19797
12871
14831
17107
13129
14495
9163
1295
18689
29597
18837
31059
8939
24477
7101
8877
6673
14301
14383
25009
12603
6255
19771
29037
23611
24543
30213
12481
2481
9173
23573
22157
13243
25269
2393
25547
20269
27847
11873
8111
17737
16495
11919
11695
19713
7535
11691
29451
19731
20259
19549
13493
24257
25071
24765
20841
9633
16737
28229
6367
11781
14937
11879
25199
23041
17963
25779
25265
18723
28119
18807
24971
29471
31637
7873
31849
1279
6269
26285
13831
2615
29553
65
16899
32625
20649
11629
18311
9517
6695
13277
14705
13203
24165
32627
24549
14827
18287
27997
23925
16393
1
22167
30847
31227
23173
12667
12909
14861
19439
22461
30981
13237
28427
7611
22639
29709
16955
18137
18989
19431
17909
28967
2163
9007
31733
30483
6397
13673
28137
24961
12997
31519
12979
13527
16189
1503
18099
20783
6513
12261
15437
13159
12249
6649
18033
30923
32533
15927
2423
10065
6835
613
19397
29911
24001
6203
19823
16021
625
32255
25923
32281
2113
30477
26193
11761
7529
25697
28509
2093
12465
15317
19673
11803
6047
1471
1621
9289
7657
20163
19107
12365
771
15713
10067
2293
2065
25335
13597
20857
29675
30873
28421
28849
14351
22249
13853
20063
22807
9819
30147
14533
16703
1907
20499
30657
29811
26461
29435
12451
27269
12467
5759
14817
8915
15709
1631
30595
16385
15723
25509
21069
19011
18069
14663
14539
7041
23415
22097
25787
27695
31355
31095
27545
7341
29247
8185
1771
19401
32307
12917
9973
29393
14493
14169
15895
14239
20595
19945
17237
30835
19425
6283
12781
231
13571
18043
37
15575
7911
9041
9183
1333
917
31309
25963
13353
23709
15607
15219
2045
15441
19715
32609
18841
13651
27031
6185
26401
19299
1987
15619
16025
16635
1243
31203
31329
25081
28265
597
15693
941
12161
19649
19871
30269
30567
25085
16343
17437
18065
23529
14943
25407
18421
32395
30699
22705
32273
1219
26595
1723
237
16773
22607
18619
12281
6451
2285
30621
26575
7301
7297
15465
1229
15469
6251
18765
29091
2743
32559
22773
22343
12407
32371
7099
14767
9611
715
23469
537
14361
13719
30373
25909
26753
29333
27659
16043
6277
32161
31025
11311
15539
27045
29295
32149
32453
1187
14377
15643
30053
13839
18035
13551
7521
23883
20813
16965
19773
15767
17273
22855
16755
213
30411
9723
18537
23751
26787
19631
22603
23635
9343
25655
7773
18307
27077
15381
2253
30357
18407
9079
13917
2875
17811
22355
29201
2429
18447
11899
8063
24053
1411
23259
7687
15477
5753
99
24985
6011
16775
23879
14967
19637
16325
477
20183
509
25801
18585
24867
20903
19699
23835
17275
19417
18177
18575
26765
20397
13721
22991
18013
23739
14321
23337
23305
26557
29223
6979
15175
25321
19753
10063
9949
30025
2191
9167
297
9459
13833
9161
949
24387
1349
9783
8427
27325
13137
14759
16811
27155
26701
16673
29727
15761
20901
18797
25837
31031
23695
30845
24803
1991
12809
20119
7955
12449
16929
27327
31615
11859
15537
15377
22389
17881
16419
14977
28589
18467
2521
11323
12929
17969
12163
28223
22397
2519
23343
8091
12505
18335
6407
2039
31815
17867
23475
7881
747
13443
1677
32329
11955
24819
9347
20551
709
20869
16361
2417
25873
21027
31893
15803
29859
15347
6121
7275
7241
20403
1605
24779
1529
19111
28995
5787
31705
18541
283
23847
18781
31397
14033
20429
821
27143
22211
7423
12101
17639
30123
20467
27987
22111
25955
16477
18727
30351
27297
763
26151
2631
23933
14177
22129
16195
28389
26007
14237
18519
13399
32043
30527
16177
14213
7315
6343
27329
28703
14107
13417
28429
9375
27357
28323
32199
22143
22445
25161
15045
31779
5925
14423
26565
20237
11913
15423
18795
17853
32327
10025
9471
6317
16743
27399
6655
5983
28325
29437
7387
14053
259
25759
22801
3493
23105
18245
17403
29737
13445
21071
23685
27021
23353
19123
25523
1623
2257
7751
31773
5953
28777
6073
6321
31707
1303
25245
25093
7493
19553
29803
18157
18637
8019
12219
26975
15329
23465
14145
23253
14941
13881
27301
14833
25941
19729
25785
18955
29391
1841
29959
30627
13665
30041
20133
22993
14603
6455
23113
16175
22279
18045
17355
10145
22971
20773
22401
13947
9981
29715
8955
30495
30683
28681
31037
23797
30773
16143
29923
29587
23669
13069
23601
16099
5747
26325
11683
14987
2669
29749
2063
24577
27697
713
20561
20075
23801
20525
24771
28559
28817
14195
18717
30741
29631
5735
23697
16721
24829
26927
5919
2235
11289
15021
27959
28403
30577
19585
635
12967
719
2695
18739
29377
7089
9111
27855
30849
2617
27957
11333
7057
7063
24263
7909
29379
22201
24025
24617
20365
1111
16105
18705
6901
15775
25915
23995
16243
27927
12577
1259
7725
23761
14555
6967
13331
13343
13349
9165
5975
15921
30225
23885
25103
13805
32631
26761
8159
5645
581
1969
7337
28385
30669
25585
9089
30831
26047
26953
11319
24061
24085
24143
24029
20663
29961
15975
1875
22453
13105
27191
26867
31877
25717
19473
14471
9677
2357
24235
22565
27531
16367
2185
4569
5937
17941
30119
12647
32665
28075
19229
27535
5783
23133
30505
27165
29
2305
17425
11649
2037
15457
30529
2469
26943
25933
14757
18729
11477
24749
2371
9657
12175
30809
30821
14181
12861
31021
24141
9153
22953
23327
12119
17409
23219
17485
26435
7253
27417
27729
20957
19983
26791
27843
18285
15249
9789
1803
28239
24397
28679
27319
6099
8393
5709
24097
26931
23345
26985
16365
2025
5797
32057
1513
28717
31085
24191
32349
17141
23643
9495
27105
29543
18737
8933
14219
17529
15279
15545
14115
22115
26305
1173
6041
28933
18027
28907
5901
31823
30205
29555
12207
24031
22987
9457
7987
2665
23229
8385
31683
22843
20475
27251
9709
26549
22443
17647
23727
5229
26311
695
7963
11723
16615
17671
6029
15795
6237
22883
1137
8791
30765
28987
12755
573
1679
15649
10017
31267
13939
11699
30875
9381
23139
19899
23649
16657
32391
29365
32145
13877
23203
29269
30721
22909
32321
9227
15589
23231
1385
29735
20935
20987
20953
2485
24107
20951
32091
1885
19831
12795
23021
28013
8369
18533
15213
26755
18867
26387
32099
20387
14829
13765
17951
16281
24327
14697
8937
22107
5601
31135
28209
19025
29969
5757
1649
29741
28945
1013
15683
20859
16253
19691
26971
659
15903
21055
9085
439
27331
929
5883
26489
8285
15193
353
13793
16441
27477
2209
32339
24895
23445
12851
9997
93
26477
2199
18215
17883
11295
16257
29439
17241
30463
19083
22871
18269
22065
30465
22515
9453
23289
29893
2389
16541
17245
25583
23773
29125
10173
25903
8925
24087
23423
20851
28751
25821
30979
11975
29667
19995
9861
24743
7977
2307
22043
9735
1109
22975
28797
16551
2171
30363
23789
7981
20969
28287
9615
9607
22799
26315
20913
5731
22071
31917
13699
9373
31853
13469
29231
19813
20137
13889
24665
9461
17291
14173
22067
233
32313
30173
21017
31499
26609
21025
6985
6345
1507
8353
31727
26495
23997
30187
18815
13821
9023
27017
31357
8061
29931
20215
21045
28555
2667
12873
16447
6105
23785
24043
12721
20571
31919
23459
9365
24737
1541
8291
9719
30007
24205
24213
217
5859
19867
2525
7311
26749
31891
27291
2719
31005
29669
19545
26527
13293
15393
19137
29495
6521
19141
31067
28289
22399
26733
30057
24535
23957
26469
26739
23163
23403
30541
30065
29009
2123
31261
18691
20423
25605
19411
32087
29073
17489
27119
19031
15599
1539
31921
16003
20881
31593
26967
15461
7389
28883
7237
5553
28911
19917
2531
17035
28701
31739
29663
225
13519
28713
8011
9753
11381
26721
25301
31515
19909
19703
32469
22413
23493
32393
19819
19205
7433
13637
23023
22889
7647
27825
12993
29277
5665
27379
12357
20483
29905
30775
23197
1313
9621
14149
27801
627
8297
20579
27349
19695
27653
9631
11377
8423
23389
5863
31633
9443
9745
26295
14931
28887
9401
22649
13757
24995
11867
9641
28045
29865
14509
21015
28599
19377
7733
14117
28919
29319
13247
24845
24253
16061
23725
16319
999
29609
1983
9613
15755
20653
6697
1957
12813
19531
23825
20405
29647
8807
25017
14951
29963
13679
27937
14855
26571
24045
9229
5713
9077
31697
23881
20753
16481
1499
31387
32523
30935
30605
12313
31291
1951
24823
23329
26103
301
27611
14729
12941
9869
14399
637
6981
19791
20493
21019
19593
7935
32641
29253
30015
9653
27205
7913
18937
15309
25831
19907
20027
12939
1139
29833
16581
2735
2401
10143
7071
22529
6621
31139
1985
31127
8315
12489
27493
13451
15753
369
15855
25945
10027
25187
13701
22777
16377
26887
12287
5241
31911
7295
18595
31569
7579
6307
12185
24285
18155
24103
15837
28297
26261
19993
9031
27875
7809
9765
255
27177
27065
14067
26065
553
22789
27053
28729
16443
29251
22275
24083
7233
22873
14027
19131
6387
525
5809
26057
11963
22835
10185
2639
14725
31981
23067
24075
19767
31039
12051
25565
5751
18163
22103
31993
17503
9283
23215
15313
21075
307
6785
10007
31887
31701
1455
29549
27723
5591
16995
22475
12483
23571
29521
17933
29603
23583
17209
1055
18629
20415
23561
13259
29999
1981
31483
16781
27925
27783
24715
13127
9277
31391
27087
25927
24385
24035
30715
16887
19603
26049
9569
32667
22747
22797
27693
31107
5791
28267
14429
16135
29979
27437
24827
19347
10057
13021
24145
13473
12713
1717
16649
30631
30395
13131
8269
8951
15217
16007
27377
12359
30019
12821
1051
5817
28625
7965
29455
23703
23267
23161
26195
27395
20715
20827
7841
6601
22591
19539
14991
24077
26783
30859
16083
23031
12903
27787
15859
27543
24147
14583
28503
7633
24775
29841
11881
30137
12557
14565
24363
24709
25745
24707
959
9513
31835
17541
16677
22417
25463
12841
23731
29093
18189
17179
29139
19187
24959
71
18683
7923
289
31471
19047
7413
13397
14925
16011
32581
22269
24055
1119
15187
14141
7397
16201
15345
29949
28373
28049
13763
29851
22931
26679
30167
12527
20639
24977
27995
14501
23083
1537
24357
15503
31703
7107
16689
19601
1615
2133
899
32653
23869
30507
25757
19341
24389
14895
24521
6995
27807
19803
7729
57
13013
991
6837
24783
30437
12035
5871
5865
7217
8121
28929
25763
32287
23363
15205
11407
29029
14803
27993
23541
12655
89
24483
30179
24355
25741
2693
29131
29421
9729
15275
24059
25819
30287
23191
19789
18485
331
25453
14843
12143
5629
8595
16471
19405
8551
5849
24399
31047
29793
7469
14387
18309
12595
31995
23845
31473
775
8345
30927
15581
1551
23421
16823
16415
14021
18861
7421
9769
23779
2587
24217
23701
28155
32505
245
17501
24017
16045
14205
27407
31303
24937
12491
29369
11837
27005
23361
17007
31083
27687
20993
9811
1387
30523
11995
6637
12319
14363
15951
7541
7505
31751
13181
441
25445
743
16513
14185
14447
29519
23155
9367
17931
6267
20357
28783
7203
7231
29019
29061
14347
28463
16845
16383
18493
32247
6211
7481
7251
30277
13099
19541
17395
13615
13741
18865
13149
12691
12777
19565
9865
20877
9455
22227
5887
8895
13049
19239
9417
16829
9761
14933
4155
29995
6805
13857
28587
31885
31389
8863
16451
24567
6055
23381
9217
7485
12847
30921
19651
28073
19145
13039
24435
17877
1813
22643
30829
25825
10069
23999
3071
29331
20323
29571
8275
18791
31237
1143
20939
12401
2553
29249
13817
1331
18977
14589
14163
6431
20597
12485
6991
9835
12413
23647
12545
29997
8087
30039
32351
15327
26885
27739
28081
15861
25013
31199
19389
23223
24219
10035
787
16981
24115
6021
12955
30385
25011
18225
16975
20721
12645
26501
31959
1807
22893
15043
18833
30593
30489
17461
6833
7553
8049
29475
77
11347
29401
1343
30115
9583
23431
11709
15773
24805
6161
5649
32311
24799
31821
25465
31211
6893
30199
8015
29103
30877
20515
28397
13217
22739
15913
2091
17789
15199
29537
1297
14865
14319
3913
1329
31287
7595
31931
22151
19149
18405
17855
30255
20909
31997
23539
25127
20647
12657
9843
23667
2523
30261
32659
30539
31221
9619
18697
22075
16171
6891
18587
22623
7155
31665
3979
20799
12285
19967
16489
19875
28169
20367
27495
5681
13755
16949
19865
5313
971
23391
18095
19135
5655
25631
9131
30871
23987
817
17735
27951
21051
15231
25861
22521
24203
24293
12353
16359
15905
23939
19759
7985
18829
22313
27903
18655
32509
2309
29021
17901
30017
15563
2705
29275
8263
25313
13411
1379
30905
29075
13959
32615
9601
7897
24047
14291
32639
19169
30989
18565
19739
23569
997
7973
32143
14717
23889
83
9773
16621
20173
23811
31811
14889
11547
13457
32481
22653
29339
30891
14665
1657
17725
17687
2015
23117
12895
11479
9505
6749
11499
7767
9145
30751
15931
11889
20035
12339
23051
15959
28721
24975
30911
27771
20441
11533
23927
1971
7931
24785
24381
22435
5599
30339
1237
13883
5705
30943
15493
18801
12427
12421
1563
16819
22353
29695
18031
11639
2365
29417
7027
28491
22847
16467
26025
16825
22243
22191
22441
14203
1249
24697
17645
31403
10161
27861
9541
24911
19283
5967
30825
24497
25767
20241
23985
6775
29293
20879
30857
12301
14207
8271
20037
19059
8429
14209
24365
18983
12127
23519
1603
23055
6215
27625
23087
26405
23719
5715
5677
1671
22911
12801
13317
23249
16963
17669
23417
27225
16925
12231
6841
10055
26395
23713
19571
30985
13405
5577
27585
9431
28595
21063
25675
29305
9971
9149
14487
23035
8433
6473
29385
18173
19201
8081
15591
25221
7969
9067
22189
8435
31535
29965
29449
16231
9655
1197
18601
14499
18071
19267
25073
31459
1627
32403
7795
1833
16879
9489
7177
26751
1417
25299
23101
19981
7865
15879
29283
23591
21169
30021
26517
30253
25149
23085
13647
14467
7641
25823
5993
29375
29447
25935
12845
23867
19151
13385
6067
5733
23103
663
22743
28489
9021
1633
2817
7005
12893
24207
9717
3729
16973
7537
16631
14119
22713
7243
13315
8023
12891
3715
1583
2505
12097
22125
6497
9273
11265
3671
1383
18757
22429
11307
12877
27731
2281
9139
5785
2341
9957
6007
28307
22955
27067
8945
18401
6467
6803
17923
20785
5605
6887
347
12387
5305
3699
13415
1585
5319
2079
18677
1155
9463
449
2475
2761
8067
12363
9243
2223
565
21185
17641
9825
19799
11817
18687
12703
17635
12189
2559
13423
